3 0.51640625 0.48203125 0.08671875 0.06484375
17 0.7640625 0.453125 0.07890625 0.04765625
20 0.221875 0.35234375 0.03125 0.03203125
20 0.16640625 0.47265625 0.03046875 0.0265625
20 0.72734375 0.19375 0.5453125 0.3875
20 0.8765625 0.43359375 0.246875 0.1265625
20 0.90625 0.578125 0.1875 0.121875
20 0.51953125 0.57421875 0.0375 0.03359375
20 0.275 0.79921875 0.02265625 0.021875
20 0.91640625 0.7125 0.05625 0.05078125
19 0.03046875 0.21015625 0.03828125 0.05546875
19 0.3375 0.22421875 0.05 0.05078125