18 0.57890625 0.39765625 0.2703125 0.27890625
1 0.61953125 0.40859375 0.0640625 0.10859375
17 0.740625 0.40234375 0.07734375 0.0984375
17 0.521875 0.4109375 0.06015625 0.1421875
16 0.59609375 0.32734375 0.06953125 0.06171875
20 0.73203125 0.06328125 0.034375 0.03984375
20 0.9234375 0.28359375 0.02890625 0.03984375
20 0.81484375 0.89296875 0.1015625 0.10625
20 0.94375 0.946875 0.03125 0.04140625
20 0.52734375 0.73359375 0.025 0.0296875
20 0.396875 0.80859375 0.028125 0.03984375
20 0.2046875 0.509375 0.04921875 0.06171875
20 0.01171875 0.665625 0.0234375 0.071875