29 0.91640625 0.04921875 0.1671875 0.0984375
29 0.896875 0.35078125 0.20625 0.07421875
29 0.8265625 0.915625 0.08203125 0.04921875
29 0.92265625 0.85703125 0.03515625 0.0359375
29 0.9671875 0.62421875 0.0640625 0.0359375
29 0.94453125 0.74921875 0.1109375 0.0765625
29 0.38359375 0.77421875 0.02578125 0.06796875
27 0.21484375 0.4640625 0.13046875 0.13046875
29 0.45390625 0.134375 0.02578125 0.03125
29 0.64375 0.075 0.08515625 0.028125
25 0.21796875 0.44921875 0.0296875 0.02578125
26 0.64375 0.24765625 0.0375 0.05390625
13 0.24453125 0.425 0.03828125 0.06328125