29 0.69765625 0.065625 0.3609375 0.13125
29 0.9265625 0.4953125 0.146875 0.134375
29 0.91796875 0.8375 0.1640625 0.115625
29 0.78671875 0.96484375 0.1375 0.0703125
29 0.44296875 0.95234375 0.08203125 0.04921875
29 0.59296875 0.96640625 0.04140625 0.05078125
29 0.534375 0.8875 0.03515625 0.0359375
3 0.0609375 0.38984375 0.0875 0.0578125
29 0.6484375 0.65 0.0796875 0.05703125
29 0.58984375 0.78359375 0.1296875 0.06015625
29 0.45703125 0.053125 0.121875 0.10625
29 0.55703125 0.4296875 0.1921875 0.040625
26 0.50078125 0.28359375 0.06015625 0.05390625