29 0.8484375 0.065625 0.303125 0.13125
29 0.9265625 0.36015625 0.146875 0.07421875
29 0.95 0.809375 0.09921875 0.115625
29 0.97734375 0.97109375 0.04453125 0.0578125
29 0.6671875 0.925 0.08203125 0.04921875
29 0.8234375 0.95078125 0.04140625 0.05078125
29 0.7546875 0.85546875 0.03515625 0.0359375
13 0.1390625 0.4375 0.05546875 0.06875
29 0.88515625 0.609375 0.1765625 0.0890625
29 0.8078125 0.753125 0.16640625 0.06015625
29 0.6171875 0.02734375 0.121875 0.0546875
29 0.759375 0.38671875 0.1921875 0.040625
29 0.2328125 0.8265625 0.02578125 0.06796875
27 0.065625 0.51171875 0.13046875 0.13046875
25 0.05859375 0.50234375 0.0375 0.0265625
26 0.5890625 0.25234375 0.0546875 0.03828125