29 0.76640625 0.065625 0.3609375 0.13125
29 0.9265625 0.4953125 0.146875 0.134375
29 0.91796875 0.8375 0.1640625 0.115625
29 0.8484375 0.96484375 0.1375 0.0703125
29 0.51328125 0.95078125 0.08203125 0.04921875
29 0.67109375 0.97421875 0.0421875 0.0515625
29 0.60859375 0.88125 0.03515625 0.0359375
3 0.07734375 0.39140625 0.0875 0.07265625
29 0.68515625 0.6546875 0.0796875 0.05703125
29 0.678125 0.778125 0.1296875 0.06015625
29 0.51484375 0.053125 0.121875 0.10625
29 0.665625 0.41953125 0.1921875 0.040625
29 0.0765625 0.84375 0.02578125 0.06796875
26 0.53515625 0.27578125 0.05390625 0.04921875