29 0.3671875 0.07734375 0.2953125 0.1546875
29 0.6945518515625 0.25756423281249996 1 0.0002004421875 0.5996777375 0 0.6945518515625 0.25756423281249996
29 1 0.8278824890625 0.74557315 0.908179996875 0.42161284375 0.9287691640625001 0.39500185781249997 1 1 0.996713209375 1 0.8278824890625
29 0.8870457359374999 0.4478759265625 0.5799847484375 0.7109704109375 0.503622684375 0.7274417265625 0.412222459375 0.8228107109374999 0.4631410984375 0.830426103125 0.6887428734375 0.7809733359375 0.9756568203124999 0.5082247609375 0.8870457359374999 0.4478759265625
29 0.30078125 0.7921875 0.1453125 0.04921875
29 0.54609375 0.47734375 0.140625 0.06640625
29 0.6984375 0.38984375 0.1609375 0.0875
3 0.25703125 0.39921875 0.06640625 0.03515625
29 0.28984375 0.971875 0.040625 0.05625
29 0.2328125 0.9078125 0.03359375 0.03359375
29 0.15 0.98515625 0.05703125 0.0296875
26 0.44375 0.3421875 0.04921875 0.040625