29 0.80546875 0.065625 0.3890625 0.13125
29 0.9265625 0.36015625 0.146875 0.07421875
29 0.95 0.8109375 0.09921875 0.115625
29 0.94609375 0.97109375 0.10703125 0.0578125
29 0.61015625 0.93359375 0.08203125 0.04921875
29 0.7734375 0.959375 0.04140625 0.05078125
29 0.70625 0.86796875 0.03515625 0.0359375
13 0.109375 0.4234375 0.06328125 0.08515625
29 0.83359375 0.61953125 0.1765625 0.0890625
29 0.78125 0.7546875 0.16640625 0.06015625
29 0.54609375 0.04375 0.121875 0.0875
29 0.72734375 0.390625 0.1921875 0.040625
29 0.17890625 0.83515625 0.02578125 0.06796875
27 0.03359375 0.50234375 0.0671875 0.13046875
26 0.5703125 0.25546875 0.0578125 0.04765625