29 0.384375 0.07734375 0.2953125 0.1546875
29 0.6945518515625 0.25756423281249996 1 0.0002004421875 0.5996777375 0 0.6945518515625 0.25756423281249996
29 1 0.8278824890625 0.77796910625 0.9452403859375 0.62871598125 0.96171160625 0.43549685625 0.939063653125 0.39500185781249997 1 1 0.996713209375 1 0.8278824890625
29 0.8870457359374999 0.4478759265625 0.5799847484375 0.7109704109375 0.503622684375 0.7274417265625 0.412222459375 0.8228107109374999 0.4631410984375 0.830426103125 0.6887428734375 0.7809733359375 0.9756568203124999 0.5082247609375 0.8870457359374999 0.4478759265625
29 0.30078125 0.7921875 0.1453125 0.04921875
29 0.546875 0.49140625 0.140625 0.06640625
29 0.72578125 0.40859375 0.1609375 0.0875
3 0.2109375 0.40625 0.06640625 0.03515625
29 0.30625 0.971875 0.040625 0.05625
29 0.24453125 0.9125 0.03359375 0.03359375
29 0.16640625 0.984375 0.05703125 0.03046875
26 0.43515625 0.334375 0.0484375 0.04609375