29 0.42265625 0.065625 0.2953125 0.13125
29 1 0.0020589265624999997 0.683672953125 0.0063771734375 0.7716050625 0.19991481875 1 0.2184450125 1 0.0020589265624999997
29 0.78046875 0.4078125 0.4390625 0.134375
29 0.62578125 0.775 0.2515625 0.11015625
29 0.83203125 0.69765625 0.12890625 0.115625
29 0.58984375 0.96484375 0.23125 0.0703125
29 0.89140625 0.95390625 0.21640625 0.09140625
29 0.2140625 0.9765625 0.08046875 0.0390625
29 0.36015625 0.96484375 0.0296875 0.0515625
29 0.2953125 0.89765625 0.03828125 0.0421875
3 0.08828125 0.3796875 0.0734375 0.05859375
29 0.42890625 0.63828125 0.0796875 0.05703125
29 0.35625 0.79609375 0.1296875 0.06015625
26 0.4359375 0.2953125 0.05625 0.03828125