29 0.9328125 0.04921875 0.134375 0.0984375
29 0.9296875 0.35078125 0.140625 0.07421875
29 0.86015625 0.92109375 0.08203125 0.04921875
29 0.959375 0.8609375 0.03515625 0.0359375
29 0.96015625 0.74921875 0.0796875 0.0765625
29 0.4078125 0.7578125 0.02578125 0.06796875
27 0.24609375 0.44140625 0.13046875 0.13046875
29 0.47578125 0.11875 0.02578125 0.03125
29 0.67265625 0.06328125 0.08515625 0.028125
25 0.24296875 0.428125 0.0296875 0.028125
13 0.2625 0.40703125 0.040625 0.05234375
26 0.65 0.24375 0.04375 0.04921875