29 0.21640625 0.07734375 0.2953125 0.1546875
29 0.5905300734375001 0.2781495078125 0.869367446875 0.00019654999999999998 0.48061989374999997 0 0.5905300734375001 0.2781495078125
29 1 0 0.8980771750000001 0.00430995625 0.7849050156249999 0.3018288921875 1 0.5235006140625 1 0
29 0.7849111125 1 0.949205390625 0.8031755640625 0.8740002562500001 0.6714052328125 0.5511969875 0.9411226265625 0.32007148281250003 0.9493581437499999 0.2723597203125 1 0.7849111125 1
29 0.324713946875 0.6802170171874999 0.21192566875000002 0.690169553125 0.19328291250000001 0.7614961203124999 0.250143175 0.7498847765625001 0.324713946875 0.6802170171874999
29 0.6830815796875 0.451062959375 0.4470533828125 0.7146035281249999 0.37069131875 0.7310748421875 0.24998973281249998 0.8796270937499999 0.39730230624999996 0.88137536875 0.5558115078125 0.7846064515625 0.8022527140625 0.5087125140625 0.6830815796875 0.451062959375
29 0.19609375 0.85078125 0.1453125 0.04921875
29 0.4109375 0.52890625 0.140625 0.06640625
29 0.56796875 0.44765625 0.1609375 0.0875
26 0.4421875 0.33828125 0.0546875 0.0609375
3 0.26953125 0.47265625 0.04765625 0.05703125