29 0.53203125 0.065625 0.2953125 0.13125
29 1 0.0020589265624999997 0.75251515625 0 0.8508601671875 0.1855024296875 1 0.19579691875 1 0.0020589265624999997
29 0.84609375 0.4109375 0.3078125 0.134375
29 0.70703125 0.77265625 0.2515625 0.11015625
29 0.91796875 0.70390625 0.1640625 0.115625
29 0.68671875 0.96484375 0.23125 0.0703125
29 0.31796875 0.92421875 0.08203125 0.04921875
29 0.46953125 0.92734375 0.04140625 0.05078125
29 0.40859375 0.853125 0.03515625 0.0359375
3 0.03984375 0.3484375 0.078125 0.0625
29 0.503125 0.60703125 0.0796875 0.05703125
29 0.4546875 0.74453125 0.1296875 0.06015625
26 0.4484375 0.253125 0.06328125 0.0359375