29 0.60078125 0.065625 0.2953125 0.13125
29 0.87109375 0.4109375 0.25703125 0.134375
29 0.7453125 0.8015625 0.2515625 0.11015625
29 0.91796875 0.76328125 0.1640625 0.115625
29 0.71796875 0.96484375 0.23125 0.0703125
29 0.3640625 0.934375 0.08203125 0.04921875
29 0.51796875 0.95234375 0.04140625 0.05078125
29 0.45703125 0.86640625 0.03515625 0.0359375
3 0.0390625 0.3671875 0.078125 0.0625
29 0.57578125 0.6359375 0.0796875 0.05703125
29 0.51953125 0.76484375 0.1296875 0.06015625
29 0.94609375 0.09140625 0.10703125 0.18203125
26 0.4703125 0.26875 0.059375 0.0453125