29 0.42265625 0.07734375 0.2953125 0.1546875
29 0.655327075 0 0.7212761296875 0.2184449640625 1 0.21638608593750003 1 0 0.655327075 0
29 0.78046875 0.4078125 0.4390625 0.134375
29 0.61796875 0.775 0.2515625 0.11015625
29 0.8046875 0.68515625 0.12890625 0.115625
29 0.55859375 0.96484375 0.23125 0.0703125
29 0.89140625 0.95390625 0.21640625 0.09140625
29 0.19921875 0.98046875 0.08046875 0.0390625
29 0.36015625 0.96484375 0.0296875 0.0515625
29 0.2953125 0.89765625 0.03828125 0.0421875
3 0.10859375 0.39375 0.08125 0.04140625
29 0.428125 0.634375 0.10625 0.0921875
29 0.35625 0.79609375 0.1296875 0.06015625
26 0.4359375 0.30703125 0.05078125 0.03984375