29 0.33203125 0.07734375 0.2953125 0.1546875
29 0.6599551140625 0.25756423281249996 0.9654032625 0.0002004421875 0.5650809999999999 0 0.6599551140625 0.25756423281249996
29 1 0.0846157546875 0.8994542078125001 0.3131548140625 1 0.411982515625 1 0.0846157546875
29 1 0.6672874734375001 0.9087102859374999 0.7784686390625 0.8092081328124999 0.807293321875 0.6854090640625 0.8999442921874999 0.3857457796875 0.908179996875 0.36839076406250004 0.996713209375 1 0.996713209375 1 0.6672874734375001
29 0.8219352140625 0.43874841406250004 0.5534975421875 0.689896603125 0.477135478125 0.7063679171875 0.385735253125 0.8017369015625 0.43665389218749995 0.8093522953125 0.6622556671875001 0.7598995265624999 0.9260653 0.47992665468749995 0.8219352140625 0.43874841406250004
29 0.265625 0.78125 0.1453125 0.04921875
29 0.51484375 0.471875 0.140625 0.06640625
29 0.6578125 0.41015625 0.1609375 0.0875
3 0.3015625 0.39375 0.059375 0.03125
29 0.265625 0.9546875 0.040625 0.05625
29 0.20859375 0.89765625 0.03359375 0.03359375
29 0.12734375 0.97890625 0.0609375 0.0421875
26 0.46015625 0.3234375 0.05546875 0.05703125