29 0.63984375 0.065625 0.2953125 0.13125
29 0.87109375 0.4953125 0.25703125 0.134375
29 0.77265625 0.821875 0.20546875 0.11015625
29 0.91796875 0.8375 0.1640625 0.115625
29 0.71796875 0.96484375 0.23125 0.0703125
29 0.40859375 0.95078125 0.08203125 0.04921875
29 0.5546875 0.97265625 0.04140625 0.05078125
29 0.49609375 0.88515625 0.03515625 0.0359375
3 0.05859375 0.3859375 0.09140625 0.075
29 0.62109375 0.65625 0.0796875 0.05703125
29 0.5625 0.78515625 0.1296875 0.06015625
29 0.95625 0.07421875 0.0875 0.1484375
29 0.515625 0.4296875 0.1078125 0.040625
26 0.48984375 0.29140625 0.0546875 0.03828125